#Frame   1-113<:8.0&:114-352@CA|:114-352<:8.0&:1-113@CA
       1                                         0.0000
       2                                         0.6577
       3                                         0.6843
       4                                         0.6900
       5                                         0.7392
       6                                         0.8296
       7                                         0.9520
       8                                         0.8778
       9                                         0.8960
      10                                         0.8208
      11                                         0.8582
      12                                         0.7326
      13                                         0.8679
      14                                         0.9098
      15                                         0.9303
      16                                         0.8948
      17                                         0.9026
      18                                         1.0484
      19                                         1.0787
      20                                         1.0642
      21                                         0.9670
      22                                         1.0086
      23                                         1.0648
      24                                         1.0810
      25                                         1.0740
      26                                         1.1450
      27                                         1.1335
      28                                         1.0786
      29                                         1.1443
      30                                         1.1433
      31                                         1.1273
      32                                         1.0999
      33                                         1.0944
      34                                         1.1051
      35                                         1.0583
      36                                         1.0485
      37                                         1.1320
      38                                         1.0543
      39                                         1.0384
      40                                         1.0699
      41                                         1.1754
      42                                         1.1567
      43                                         1.0999
      44                                         1.1941
      45                                         1.1727
      46                                         1.0444
      47                                         1.2185
      48                                         1.0634
      49                                         1.1922
      50                                         1.1455
      51                                         1.1932
      52                                         0.9609
      53                                         1.0190
      54                                         0.9868
      55                                         0.9683
      56                                         1.0257
      57                                         1.0916
      58                                         1.0498
      59                                         0.9354
      60                                         0.8970
      61                                         0.9217
      62                                         0.8954
      63                                         0.9272
      64                                         1.0335
      65                                         1.0298
      66                                         1.0211
      67                                         0.8935
      68                                         0.9774
      69                                         1.0626
      70                                         0.9328
      71                                         0.9301
      72                                         0.9223
      73                                         0.9777
      74                                         0.9853
      75                                         0.9083
      76                                         0.9603
      77                                         1.0049
      78                                         1.0534
      79                                         1.0482
      80                                         1.1250
      81                                         1.1331
      82                                         1.1134
      83                                         1.1332
      84                                         1.1601
      85                                         1.1226
      86                                         1.0324
      87                                         1.1114
      88                                         1.1240
      89                                         0.9284
      90                                         1.0484
      91                                         1.0570
      92                                         1.1036
      93                                         1.1792
      94                                         1.0637
      95                                         1.1825
      96                                         1.1194
      97                                         1.3120
      98                                         1.2736
      99                                         1.2244
     100                                         1.2111
     101                                         1.2303
     102                                         1.1592
     103                                         1.0329
     104                                         1.0803
     105                                         1.0800
     106                                         1.2055
     107                                         1.2814
     108                                         1.2035
     109                                         1.0065
     110                                         1.0518
     111                                         1.0918
     112                                         1.2390
     113                                         1.1609
     114                                         1.1068
     115                                         1.1013
     116                                         0.9791
     117                                         1.2101
     118                                         1.1084
     119                                         0.9767
     120                                         1.1513
     121                                         1.1620
     122                                         1.1660
     123                                         1.1482
     124                                         1.1788
     125                                         1.1517
     126                                         1.1766
     127                                         1.1161
     128                                         1.1325
     129                                         1.1299
     130                                         1.1013
     131                                         1.1237
     132                                         1.1875
     133                                         1.1679
     134                                         1.1458
     135                                         1.1953
     136                                         1.1216
     137                                         1.0735
     138                                         1.1448
     139                                         1.0916
     140                                         1.1711
     141                                         1.1999
     142                                         1.2801
     143                                         1.1955
     144                                         1.1335
     145                                         1.1129
     146                                         1.1653
     147                                         1.2099
     148                                         1.2803
     149                                         1.2551
     150                                         1.2627
     151                                         1.2134
     152                                         1.1760
     153                                         1.1090
     154                                         1.1294
     155                                         1.0822
     156                                         1.2094
     157                                         1.2115
     158                                         1.2514
     159                                         1.2525
     160                                         1.3139
     161                                         1.2798
     162                                         1.1550
     163                                         1.2419
     164                                         1.2287
     165                                         1.1659
     166                                         1.1016
     167                                         1.2210
     168                                         1.0340
     169                                         1.1656
     170                                         1.2915
     171                                         1.1710
     172                                         1.0765
     173                                         1.1360
     174                                         1.2182
     175                                         1.1315
     176                                         1.1218
     177                                         1.0286
     178                                         1.1789
     179                                         1.1156
     180                                         1.1308
     181                                         1.0507
     182                                         1.0339
     183                                         1.0693
     184                                         0.9875
     185                                         1.0058
     186                                         1.1085
     187                                         1.1417
     188                                         1.1298
     189                                         1.1158
     190                                         1.0722
     191                                         1.2461
     192                                         1.1652
     193                                         1.1505
     194                                         1.2041
     195                                         1.0640
     196                                         1.1256
     197                                         1.0950
     198                                         1.1338
     199                                         1.1875
     200                                         1.2072
     201                                         1.1101
     202                                         1.0956
     203                                         1.1850
     204                                         1.1429
     205                                         1.2120
     206                                         1.1541
     207                                         1.0177
     208                                         1.1399
     209                                         1.2142
     210                                         1.1834
     211                                         1.1544
     212                                         1.0943
     213                                         1.1354
     214                                         1.0075
     215                                         1.0187
     216                                         1.1404
     217                                         1.2855
     218                                         1.2062
     219                                         1.3406
     220                                         1.3503
     221                                         1.0484
     222                                         1.1061
     223                                         1.0643
     224                                         1.1618
     225                                         1.0830
     226                                         1.2350
     227                                         1.1407
     228                                         1.2041
     229                                         1.1680
     230                                         1.2276
     231                                         1.2192
     232                                         1.1169
     233                                         0.9981
     234                                         1.1082
     235                                         1.0612
     236                                         1.0477
     237                                         1.0602
     238                                         1.0424
     239                                         1.0939
     240                                         1.0012
     241                                         1.1582
     242                                         1.1855
     243                                         1.2250
     244                                         1.2469
     245                                         1.1381
     246                                         0.9915
     247                                         1.0117
     248                                         1.1774
     249                                         1.0983
     250                                         1.0588
     251                                         1.1476
     252                                         1.0229
     253                                         1.0451
     254                                         1.0333
     255                                         0.9333
     256                                         1.0102
     257                                         0.9939
     258                                         0.9717
     259                                         1.0659
     260                                         1.0698
     261                                         1.0493
     262                                         1.0773
     263                                         1.0659
     264                                         1.1467
     265                                         0.9773
     266                                         1.1500
     267                                         1.1438
     268                                         1.2277
     269                                         1.2070
     270                                         1.0434
     271                                         1.0586
     272                                         1.0833
     273                                         1.1307
     274                                         1.2002
     275                                         1.2075
     276                                         1.1879
     277                                         1.0705
     278                                         1.1545
     279                                         1.1275
     280                                         1.0363
     281                                         1.0696
     282                                         1.0628
     283                                         1.0743
     284                                         1.0752
     285                                         1.2489
     286                                         1.2079
     287                                         1.1070
     288                                         1.1265
     289                                         1.0488
     290                                         1.0803
     291                                         1.0989
     292                                         1.1317
     293                                         1.2388
     294                                         1.0922
     295                                         1.1182
     296                                         1.1160
     297                                         1.1045
     298                                         1.1330
     299                                         1.1740
     300                                         1.0549
     301                                         1.0295
     302                                         1.0359
     303                                         1.1310
     304                                         1.2257
     305                                         1.1332
     306                                         1.0714
     307                                         1.1891
     308                                         1.1452
     309                                         1.1301
     310                                         1.1046
     311                                         1.0161
     312                                         1.1043
     313                                         1.0863
     314                                         1.0911
     315                                         1.0799
     316                                         1.0526
     317                                         1.2326
     318                                         1.1007
     319                                         1.1230
     320                                         1.1485
     321                                         1.0821
     322                                         1.0225
     323                                         1.1660
     324                                         1.0140
     325                                         0.9790
     326                                         1.0069
     327                                         1.0130
     328                                         1.0658
     329                                         1.1296
     330                                         1.0808
     331                                         1.1197
     332                                         1.1413
     333                                         1.0752
     334                                         1.0312
     335                                         1.0343
     336                                         0.9553
     337                                         0.9330
     338                                         1.0010
     339                                         1.0033
     340                                         0.9659
     341                                         0.9497
     342                                         1.0660
     343                                         0.9484
     344                                         0.9897
     345                                         0.9833
     346                                         0.9145
     347                                         1.1386
     348                                         1.1523
     349                                         1.2852
     350                                         1.2787
     351                                         1.1741
     352                                         1.2193
     353                                         1.2702
     354                                         1.2427
     355                                         1.2677
     356                                         1.1850
     357                                         1.2398
     358                                         1.2264
     359                                         1.2474
     360                                         1.3016
     361                                         1.2446
     362                                         1.2258
     363                                         1.2648
     364                                         1.2705
     365                                         1.1820
     366                                         1.1275
     367                                         1.0978
     368                                         1.1462
     369                                         1.2099
     370                                         1.1015
     371                                         1.0903
     372                                         1.2119
     373                                         1.0850
     374                                         1.1166
     375                                         1.0857
     376                                         1.1328
     377                                         1.1255
     378                                         1.0562
     379                                         1.1157
     380                                         1.1258
     381                                         1.0516
     382                                         1.0315
     383                                         1.0557
     384                                         1.0686
     385                                         1.0365
     386                                         1.0707
     387                                         1.0858
     388                                         1.0853
     389                                         1.1398
     390                                         1.0998
     391                                         1.0544
     392                                         1.0347
     393                                         1.0964
     394                                         1.0922
     395                                         1.1495
     396                                         1.0715
     397                                         1.0046
     398                                         1.0359
     399                                         1.0844
     400                                         1.0392
     401                                         1.0387
     402                                         1.1322
     403                                         1.1041
     404                                         1.0816
     405                                         1.0929
     406                                         1.1454
     407                                         1.1075
     408                                         0.9708
     409                                         1.1226
     410                                         1.1389
     411                                         1.2523
     412                                         1.0295
     413                                         0.9684
     414                                         1.1511
     415                                         1.1953
     416                                         1.1928
     417                                         1.1690
     418                                         1.2888
     419                                         1.2665
     420                                         1.3253
     421                                         1.3342
     422                                         1.3289
     423                                         1.1388
     424                                         1.1759
     425                                         1.0231
     426                                         1.1631
     427                                         1.1907
     428                                         1.1444
     429                                         1.1550
     430                                         1.2468
     431                                         1.3541
     432                                         1.2623
     433                                         1.1324
     434                                         1.1013
     435                                         1.1438
     436                                         1.0742
     437                                         1.0500
     438                                         0.8924
     439                                         0.9582
     440                                         1.0316
     441                                         0.9518
     442                                         0.9218
     443                                         0.9096
     444                                         0.9691
     445                                         0.9733
     446                                         1.0909
     447                                         0.9292
     448                                         0.9749
     449                                         0.9158
     450                                         0.9723
     451                                         0.9858
     452                                         0.9275
     453                                         0.9205
     454                                         0.9305
     455                                         0.9483
     456                                         1.0069
     457                                         1.0301
     458                                         1.0032
     459                                         1.0353
     460                                         0.9736
     461                                         1.1139
     462                                         0.9080
     463                                         1.0576
     464                                         1.1162
     465                                         1.1079
     466                                         1.0936
     467                                         1.0580
     468                                         1.1126
     469                                         1.0550
     470                                         1.0010
     471                                         1.2007
     472                                         1.1054
     473                                         1.0769
     474                                         1.1153
     475                                         0.9682
     476                                         1.1284
     477                                         1.1882
     478                                         1.0118
     479                                         1.2166
     480                                         1.2179
     481                                         1.1578
     482                                         1.0883
     483                                         1.2445
     484                                         1.0230
     485                                         1.1148
     486                                         1.0913
     487                                         1.1933
     488                                         1.1818
     489                                         1.0943
     490                                         1.2273
     491                                         1.1344
     492                                         1.0756
     493                                         1.2578
     494                                         1.0666
     495                                         1.1101
     496                                         1.0444
     497                                         1.3081
     498                                         1.1258
     499                                         1.0861
     500                                         0.9357
     501                                         0.9234
     502                                         0.9457
     503                                         0.9538
     504                                         0.9066
     505                                         0.8109
     506                                         0.9063
     507                                         0.8753
     508                                         0.9935
     509                                         0.9577
     510                                         1.0290
     511                                         1.1102
     512                                         1.1182
     513                                         1.1909
     514                                         1.0368
     515                                         1.0333
     516                                         0.9314
     517                                         1.0762
     518                                         1.1219
     519                                         1.1298
     520                                         0.9848
     521                                         1.0787
     522                                         0.9752
     523                                         1.0588
     524                                         0.9804
     525                                         1.0908
     526                                         1.1033
     527                                         1.1576
     528                                         1.2473
     529                                         1.2501
     530                                         1.2415
     531                                         1.3332
     532                                         1.0896
     533                                         1.2167
     534                                         1.3372
     535                                         1.0940
     536                                         1.1026
     537                                         1.0671
     538                                         1.1511
     539                                         1.2234
     540                                         1.1597
     541                                         1.2263
     542                                         1.2952
     543                                         1.2898
     544                                         1.1062
     545                                         1.1570
     546                                         1.1111
     547                                         1.1599
     548                                         1.0886
     549                                         1.1482
     550                                         1.1116
     551                                         1.2214
     552                                         1.0768
     553                                         1.2318
     554                                         1.1757
     555                                         1.1847
     556                                         1.2093
     557                                         1.2101
     558                                         1.2960
     559                                         1.2533
     560                                         1.2489
     561                                         1.2217
     562                                         1.1182
     563                                         1.1373
     564                                         1.2278
     565                                         1.1934
     566                                         1.0729
     567                                         1.2314
     568                                         1.3676
     569                                         1.2821
     570                                         1.3026
     571                                         1.3037
     572                                         1.2069
     573                                         1.3548
     574                                         1.2597
     575                                         1.1561
     576                                         1.3075
     577                                         1.2586
     578                                         1.3267
     579                                         1.2849
     580                                         1.0747
     581                                         1.1285
     582                                         1.1914
     583                                         1.2160
     584                                         1.1290
     585                                         1.2153
     586                                         1.2758
     587                                         1.3564
     588                                         1.2306
     589                                         1.2331
     590                                         1.3337
     591                                         1.2643
     592                                         1.3162
     593                                         1.0822
     594                                         1.0185
     595                                         1.0262
     596                                         1.1272
     597                                         1.2185
     598                                         1.0715
     599                                         0.9594
     600                                         0.9555
     601                                         1.0797
     602                                         1.0476
     603                                         1.0590
     604                                         1.0157
     605                                         1.1406
     606                                         1.1344
     607                                         1.0878
     608                                         0.9360
     609                                         1.1038
     610                                         1.0421
     611                                         1.1184
     612                                         1.1428
     613                                         1.2437
     614                                         1.1961
     615                                         1.1436
     616                                         1.2969
     617                                         1.1642
     618                                         1.1420
     619                                         1.2191
     620                                         1.2114
     621                                         1.2572
     622                                         1.2213
     623                                         1.1758
     624                                         1.1931
     625                                         1.1107
     626                                         1.0997
     627                                         1.2430
     628                                         1.1781
     629                                         1.2054
     630                                         1.1041
     631                                         1.2192
     632                                         1.1474
     633                                         1.1422
     634                                         1.1604
     635                                         1.2377
     636                                         1.2173
     637                                         1.1759
     638                                         1.1547
     639                                         1.1187
     640                                         1.0606
     641                                         1.0317
     642                                         1.0409
     643                                         1.0851
     644                                         0.9961
     645                                         1.1574
     646                                         1.2597
     647                                         1.1751
     648                                         1.1189
     649                                         1.2754
     650                                         1.2831
     651                                         1.2737
     652                                         1.2066
     653                                         1.2933
     654                                         1.2897
     655                                         1.4007
     656                                         1.3249
     657                                         1.4206
     658                                         1.2214
     659                                         1.4884
     660                                         1.4003
     661                                         1.4152
     662                                         1.4020
     663                                         1.3406
     664                                         1.4027
     665                                         1.3436
     666                                         1.3304
     667                                         1.3280
     668                                         1.4483
     669                                         1.3505
     670                                         1.3849
     671                                         1.3127
     672                                         1.3323
     673                                         1.3303
     674                                         1.3443
     675                                         1.3901
     676                                         1.3243
     677                                         1.3639
     678                                         1.2252
     679                                         1.1905
     680                                         1.2055
     681                                         1.0886
     682                                         1.0956
     683                                         1.1714
     684                                         1.0937
     685                                         1.0626
     686                                         1.0669
     687                                         1.0208
     688                                         1.0265
     689                                         1.0716
     690                                         1.1051
     691                                         1.1009
     692                                         1.0897
     693                                         1.0671
     694                                         1.0816
     695                                         1.0253
     696                                         0.9537
     697                                         1.0874
     698                                         1.1460
     699                                         1.1976
     700                                         1.1021
     701                                         1.1777
     702                                         1.1383
     703                                         1.2314
     704                                         1.1488
     705                                         1.1838
     706                                         1.1340
     707                                         1.1615
     708                                         1.1414
     709                                         1.0875
     710                                         1.1173
     711                                         1.1002
     712                                         1.1164
     713                                         1.0416
     714                                         1.0396
     715                                         1.0597
     716                                         1.0725
     717                                         1.0214
     718                                         1.0666
     719                                         1.1130
     720                                         1.0912
     721                                         1.0706
     722                                         1.1504
     723                                         1.1371
     724                                         1.1787
     725                                         1.0804
     726                                         1.1092
     727                                         1.0092
     728                                         0.9716
     729                                         0.9486
     730                                         1.0810
     731                                         0.9461
     732                                         1.0581
     733                                         0.9632
     734                                         0.9870
     735                                         1.0569
     736                                         0.9313
     737                                         1.0644
     738                                         1.0381
     739                                         1.1166
     740                                         1.0220
     741                                         1.0535
     742                                         1.0668
     743                                         1.0190
     744                                         1.0203
     745                                         1.0198
     746                                         0.9902
     747                                         1.0764
     748                                         1.0921
     749                                         1.0765
     750                                         1.0592
     751                                         0.9797
     752                                         0.9990
     753                                         1.0341
     754                                         1.0168
     755                                         0.9899
     756                                         0.9794
     757                                         1.0316
     758                                         0.9525
     759                                         0.9208
     760                                         0.9172
     761                                         1.0163
     762                                         1.0244
     763                                         1.0369
     764                                         0.9373
     765                                         1.0217
     766                                         1.0099
     767                                         0.9768
     768                                         1.1055
     769                                         1.1735
     770                                         1.1060
     771                                         1.0485
     772                                         1.0725
     773                                         1.0019
     774                                         0.9657
     775                                         0.9554
     776                                         1.0594
     777                                         0.9661
     778                                         0.9230
     779                                         0.9162
     780                                         0.9114
     781                                         0.9015
     782                                         0.9162
     783                                         0.8687
     784                                         0.9101
     785                                         0.9973
     786                                         0.9706
     787                                         0.8858
     788                                         0.9730
     789                                         1.0571
     790                                         1.0166
     791                                         1.0386
     792                                         1.0219
     793                                         0.9928
     794                                         1.1116
     795                                         1.0758
     796                                         1.1493
     797                                         1.0733
     798                                         1.0502
     799                                         0.9910
     800                                         1.1027
     801                                         1.1772
     802                                         1.0649
     803                                         1.0858
     804                                         1.1310
     805                                         1.0884
     806                                         1.1305
     807                                         1.1073
     808                                         1.1961
     809                                         1.1715
     810                                         1.0369
     811                                         1.0804
     812                                         1.1113
     813                                         0.9938
     814                                         0.9684
     815                                         0.9758
     816                                         0.9538
     817                                         0.9206
     818                                         0.9791
     819                                         0.8388
     820                                         0.8648
     821                                         1.0016
     822                                         1.0086
     823                                         1.0412
     824                                         0.9613
     825                                         1.0661
     826                                         0.9966
     827                                         1.0353
     828                                         1.0176
     829                                         0.9694
     830                                         0.9158
     831                                         0.9528
     832                                         0.9801
     833                                         1.0728
     834                                         1.0668
     835                                         1.0691
     836                                         1.0206
     837                                         0.9737
     838                                         1.0119
     839                                         1.0933
     840                                         0.9461
     841                                         0.9236
     842                                         0.9487
     843                                         0.9375
     844                                         1.0111
     845                                         0.9396
     846                                         1.0351
     847                                         1.1244
     848                                         1.0260
     849                                         1.1110
     850                                         1.0353
     851                                         1.0463
     852                                         1.0276
     853                                         1.0553
     854                                         1.1124
     855                                         1.1718
     856                                         1.1343
     857                                         1.0669
     858                                         1.1388
     859                                         1.0799
     860                                         1.1457
     861                                         1.0840
     862                                         1.2091
     863                                         1.1218
     864                                         1.0433
     865                                         0.9618
     866                                         0.9728
     867                                         1.0030
     868                                         0.9887
     869                                         0.8854
     870                                         1.0691
     871                                         1.0716
     872                                         1.0943
     873                                         1.0039
     874                                         1.0300
     875                                         1.0446
     876                                         1.0658
     877                                         0.9945
     878                                         0.9635
     879                                         0.9605
     880                                         1.0315
     881                                         1.0626
     882                                         1.1177
     883                                         1.0469
     884                                         1.0084
     885                                         0.9990
     886                                         0.9516
     887                                         1.0326
     888                                         1.0469
     889                                         1.0535
     890                                         0.9872
     891                                         0.9606
     892                                         0.9969
     893                                         1.0573
     894                                         1.0756
     895                                         0.9538
     896                                         1.0369
     897                                         1.0141
     898                                         1.0090
     899                                         1.0513
     900                                         0.9768
     901                                         1.0262
     902                                         1.0702
     903                                         1.0109
     904                                         1.0155
     905                                         1.0269
     906                                         0.8731
     907                                         1.0532
     908                                         0.9854
     909                                         1.0326
     910                                         0.9564
     911                                         1.0036
     912                                         0.9944
     913                                         1.0043
     914                                         0.9666
     915                                         0.9712
     916                                         0.9982
     917                                         1.0905
     918                                         1.1253
     919                                         1.0961
     920                                         1.1324
     921                                         1.0865
     922                                         1.0578
     923                                         0.9968
     924                                         1.0163
     925                                         1.1030
     926                                         1.0374
     927                                         1.0744
     928                                         1.1122
     929                                         1.0311
     930                                         1.0155
     931                                         1.0651
     932                                         1.0020
     933                                         1.0212
     934                                         1.0020
     935                                         1.1190
     936                                         1.0762
     937                                         1.0506
     938                                         0.9898
     939                                         0.9697
     940                                         0.9522
     941                                         1.0340
     942                                         1.1108
     943                                         1.1394
     944                                         1.1553
     945                                         1.1052
     946                                         1.1933
     947                                         1.0869
     948                                         1.2232
     949                                         1.1898
     950                                         1.0565
     951                                         1.0936
     952                                         1.0693
     953                                         1.1027
     954                                         1.1263
     955                                         1.2333
     956                                         1.2565
     957                                         1.1928
     958                                         1.1927
     959                                         1.2562
     960                                         1.1222
     961                                         1.1007
     962                                         1.0791
     963                                         0.9497
     964                                         1.1481
     965                                         0.9813
     966                                         0.9169
     967                                         0.9383
     968                                         0.9526
     969                                         0.9447
     970                                         0.9385
     971                                         1.0137
     972                                         1.0008
     973                                         1.0411
     974                                         1.0533
     975                                         0.9869
     976                                         0.9637
     977                                         1.1642
     978                                         1.0603
     979                                         1.0673
     980                                         1.0216
     981                                         1.0773
     982                                         1.0136
     983                                         1.1251
     984                                         1.1645
     985                                         1.0581
     986                                         1.1810
     987                                         1.0876
     988                                         1.0844
     989                                         1.0644
     990                                         1.0619
     991                                         1.1587
     992                                         0.9875
     993                                         1.1050
     994                                         0.9126
     995                                         1.0560
     996                                         1.0551
     997                                         1.0108
     998                                         0.9977
     999                                         0.9925
    1000                                         1.0852
